[COH-IDS] base=0 T=53 ids= 248045 8678 198 24342 286 4879 369 716 310 830 11553 13 5044 1683 15060 1472 279 3274 11 9307 1328 30800 11 2814 47675 25605 11 321 60445 55404 11 27224 11 321 30246 303 279 1534 4087 13 248046 198 248045 846 198 5834 248046 198 248045 74455 198 248068 198
[COH-IDS] base=0 T=53 ids= 248045 8678 198 24342 286 4879 369 716 310 830 11553 13 5044 1683 15060 1472 279 3274 11 9307 1328 30800 11 2814 47675 25605 11 321 60445 55404 11 27224 11 321 30246 303 279 1534 4087 13 248046 198 248045 846 198 5834 248046 198 248045 74455 198 248068 198
[C-DUMP] armed tap=X0 dir=/tmp/coh_e12/dumps rank=0
[C-DUMP] armed tap=X0 dir=/tmp/coh_e12/dumps rank=1
[COH-IDS] base=0 T=53 ids= 248045 8678 198 24342 286 4879 369 716 310 830 11553 13 5044 1683 15060 1472 279 3274 11 9307 1328 30800 11 2814 47675 25605 11 321 60445 55404 11 27224 11 321 30246 303 279 1534 4087 13 248046 198 248045 846 198 5834 248046 198 248045 74455 198 248068 198
[C-DUMP] armed tap=X0 dir=/tmp/coh_e12/dumps rank=3
[COH-IDS] base=0 T=53 ids= 248045 8678 198 24342 286 4879 369 716 310 830 11553 13 5044 1683 15060 1472 279 3274 11 9307 1328 30800 11 2814 47675 25605 11 321 60445 55404 11 27224 11 321 30246 303 279 1534 4087 13 248046 198 248045 846 198 5834 248046 198 248045 74455 198 248068 198
[C-DUMP] armed tap=X0 dir=/tmp/coh_e12/dumps rank=2
[COH-IDS] base=51 T=2 ids= 248068 198
[COH-IDS] base=51 T=2 ids= 248068 198
[COH-IDS] base=51 T=2 ids= 248068 198
[COH-IDS] base=51 T=2 ids= 248068 198
[C-DUMP] armed dir=/tmp/coh_e12/dumps rank=2 steps<=8
[C-DUMP] armed dir=/tmp/coh_e12/dumps rank=1 steps<=8
[C-DUMP] armed dir=/tmp/coh_e12/dumps rank=0 steps<=8
[C-DUMP] armed dir=/tmp/coh_e12/dumps rank=3 steps<=8
[COH-IDS] base=0 T=66 ids=[COH-IDS] base=0 T=66 ids=[COH-IDS] base=0 T=66 ids= 248045 8678 248045 248045 8678 198 24342 286 4879 198 24342 286 369 8678 198 24342 4879 369 716 286 4879 369 716 310 830 310 830 11553 716 310 830 11553 13 5044 1683 15060 1472 279 3274 11 9307 1328 30800 11 2814 47675 25605 11 321 60445 55404 11 27224 11 321 30246 303 279[COH-IDS] base=0 T=66 ids= 248045 8678 198 24342 286 4879 1534 13 11553 13 5044 369 4087 5044 1683 15060 1472 279 3274 1683 716 13 11 15060 1472 248046 198 310 830 11553 13 5044 9307 248045 1683 846 1328 15060 1472 279 3274 11 9307 279 30800 11 2814 47675 25605 11 321 60445 55404 11 27224 11 321 30246 303 279 1534 4087 13 248046 198 248045 846 198 1328 20206 198 30800 20206 440 440 6681 11 2814 47675 25605 11 6681 279 321 60445 55404 11 27224 11 321 30246 303 279 3074 3299 54018 1534 4087 13 248046 198 248045 3274 13 846 9321 25 198 8029 11 20206 9307 1328 440 6681 279 3074 8029 8029 8029 248046 198 248045 3299 74455 279 54018 3074 3299 13 198 248068 9321 25 8029 8029 8029 30800 198 54018 8029 13 9321 248046 198 248045 74455 11 2814 198 47675 25605 248068 11 321 25 8029 8029 8029 8029 248046
[C-DUMP] armed tap=X0 dir=/tmp/coh_e12/dumps rank=0
[C-DUMP] armed tap=X0 dir=/tmp/coh_e12/dumps rank=2
[C-DUMP] armed tap=X0 dir=/tmp/coh_e12/dumps rank=3
[C-DUMP] armed tap=X0 dir=/tmp/coh_e12/dumps rank=1
[COH-IDS] base=64 T=2 ids= 248068 198
[COH-IDS] base=64 T=2 ids= 248068 198
[COH-IDS] base=64 T=2 ids= 248068 198
[COH-IDS] base=64 T=2 ids= 248068 198
[COH-IDS] base=0 T=67 ids=[COH-IDS] base=0 T=67 ids= 248045 8678 198 248045 8678 198 24342 286 4879 369[COH-IDS] base=0 T=67 ids= 248045 8678 198 24342 286 4879 369 716 310 830 11553 13 5044 1683 15060 1472 279 3274 11 9307 1328[COH-IDS] base=0 T=67 ids= 248045 8678 198 24342 286 4879 30800 24342 286 4879 369 716 369 716 716 310 830 11 2814 47675 310 25605 11553 310 830 11553 830 13 13 11 321 60445 55404 11 27224 11 321 30246 303 279 1534 4087 13 248046 5044 1683 15060 11553 13 5044 5044 1683 15060 1472 279 3274 11 9307 1472 198 279 3274 248045 846 198 1328 30800 11 2814 20206 11 47675 9307 440 1328 6681 30800 25605 11 321 279 3074 3299 54018 11 60445 2814 13 55404 1683 15060 9321 11 25 27224 11 321 47675 1472 25605 8029 11 279 321 60445 8029 55404 3274 11 9307 30246 303 279 1534 4087 1328 30800 11 2814 8029 13 248046 198 248045 846 198 8029 8029 47675 25605 11 20206 440 6681 11 321 60445 27224 248046 198 248045 279 55404 11 27224 3074 3299 74455 11 321 30246 303 279 1534 198 248068 54018 13 4087 198
[C-DUMP] armed tap=X0 dir=/tmp/coh_e12/dumps rank=3
[C-DUMP] armed tap=X0 dir=/tmp/coh_e12/dumps rank=2
[C-DUMP] armed tap=X0 dir=/tmp/coh_e12/dumps rank=0
[C-DUMP] armed tap=X0 dir=/tmp/coh_e12/dumps rank=1
[COH-IDS] base=65 T=2 ids= 248068 198
[COH-IDS] base=65 T=2 ids= 248068 198
[COH-IDS] base=65 T=2 ids= 248068 198
[COH-IDS] base=65 T=2 ids= 248068 198
[COH-IDS] base=0 T=98 ids= 248045 8678 198 24342 286 4879 369 716 310[COH-IDS] base=0 T=98 ids= 248045 8678 830 11553 13 5044 1683 15060 1472[COH-IDS] base=0 T=98 ids= 248045 8678 198 24342 286 4879 369 716 310 830 11553 13 5044 1683 15060 1472 279 3274 11 9307 1328 30800 279 3274 11 9307 198 24342 286 4879 369 11 1328 30800 11 716 310 830 11553 13 5044 2814 1683[COH-IDS] base=0 T=98 ids= 248045 8678 198 24342 286 4879 369 716 310 830 11553 13 5044 1683 15060 1472 279 47675 3274 15060 25605 1472 279 11 321 60445 55404 11 2814 47675 25605 27224 11 321 30246 303 3274 11 9307 279 1534 4087 13 248046 11 1328 198 248045 846 198 20206 9307 1328 30800 440 6681 279 3074 30800 11 3299 54018 13 9321 25 8029 8029 11 2814 11 8029 8029 47675 25605 8029 8029 8029 8029 8029 8029 321 11 2814 8029 47675 25605 8029 11 321 8029 8029 8029 321 60445 60445 55404 11 8029 27224 11 60445 55404 55404 321 30246 303 279 1534 4087 13 248046 198 248045 846 198 20206 440 6681 279 3074 3299 54018 13 9321 25 8029 8029 8029 8029 8029 8029 8029 8029 8029 8029 8029 8029 8029 8029 8029 8029 8029 8029 8029 11 27224 8029 8029 8029 8029 8029 8029 11 27224 8029 8029 8029 8029 8029 8029 8029 11 321 8029 8029 8029 8029 8029 8029 8029 8029 248046 198 248045 74455 198 248068 198
 8029 8029 8029 8029 30246 303 11 8029 8029 8029 8029 279 1534 4087 321 30246 303 279 1534 4087 13 248046 198 13 248046 198 248045 846 198 248045 8029 20206 440 6681 279 846 8029 8029 8029 8029 3074 3299 54018 198 8029 13 9321 20206 8029 8029 248046 198 248045 25 440 74455 198 248068[C-DUMP] armed tap=X0 dir=/tmp/coh_e12/dumps rank=2
[C-DUMP] armed tap=X0 dir=/tmp/coh_e12/dumps rank=3
[C-DUMP] armed tap=X0 dir=/tmp/coh_e12/dumps rank=1
[C-DUMP] armed tap=X0 dir=/tmp/coh_e12/dumps rank=0
[COH-IDS] base=96 T=2 ids= 248068 198
[COH-IDS] base=96 T=2 ids= 248068 198
[COH-IDS] base=96 T=2 ids= 248068 198
[COH-IDS] base=96 T=2 ids= 248068 198
[COH-IDS] base=0 T=66 ids= 248045 8678 198 24342 286 4879[COH-IDS] base=0 T=66 ids= 248045 8678 198[COH-IDS] base=0 T=66 ids= 369 716 310 830 11553 13 5044 1683 248045 8678[COH-IDS] base=0 T=66 ids= 24342 198 24342 286 15060 1472 279 3274 11 9307 248045 8678 198 24342 286 286 4879 369 716 310 830 11553 4879 369 1328 4879 13 30800 11 2814 369 716 47675 716 310 830 310 830 11553 13 11553 25605 11 5044 1683 15060 13 5044 1683 321 5044 1472 1683 15060 60445 1472 279 3274 11 9307 1328 55404 11 27224 11 321 30246 30800 15060 279 11 2814 47675 1472 279 3274 11 9307 303 279 1534 4087 13 25605 11 321 60445 3274 1328 30800 11 2814 47675 248046 11 9307 1328 198 248045 846 198 25605 11 321 60445 30800 55404 20206 440 6681 55404 11 11 2814 47675 25605 11 321 27224 11 321 30246 303 279 60445 3074 3299 54018 13 9321 25 8029 8029 8029 8029 248046 198 248045 74455 11 279 55404 27224 11 321 30246 303 198 11 27224 11 248068 321 279 1534 198 1534 4087 30246 303 279 4087 13 248046
[C-DUMP] armed tap=X0 dir=/tmp/coh_e12/dumps rank=0
[C-DUMP] armed tap=X0 dir=/tmp/coh_e12/dumps rank=1
[C-DUMP] armed tap=X0 dir=/tmp/coh_e12/dumps rank=3
[C-DUMP] armed tap=X0 dir=/tmp/coh_e12/dumps rank=2
[COH-IDS] base=64 T=2 ids= 248068 198
[COH-IDS] base=64 T=2 ids= 248068 198
[COH-IDS] base=64 T=2 ids= 248068 198
[COH-IDS] base=64 T=2 ids= 248068 198
