[COH-IDS] base=0 T=53 ids= 248045 8678 198 24342 286 4879 369 716 310 830 11553 13 5044 1683 15060 1472 279 3274 11 9307 1328 30800 11 2814 47675 25605 11 321 60445 55404 11 27224 11 321 30246 303 279 1534 4087 13 248046 198 248045 846 198 5834 248046 198 248045 74455 198 248068 198
[COH-IDS] base=0 T=53 ids= 248045 8678 198 24342 286 4879 369 716 310 830 11553 13 5044 1683 15060 1472 279 3274 11 9307 1328 30800 11 2814 47675 25605 11 321 60445 55404 11 27224 11 321 30246 303 279 1534 4087 13 248046 198 248045 846 198 5834 248046 198 248045 74455 198 248068 198
[C-DUMP] armed tap=X0 dir=/tmp/coh_e12b/dumps rank=0
[C-DUMP] armed tap=X0 dir=/tmp/coh_e12b/dumps rank=1
[COH-IDS] base=0 T=53 ids= 248045 8678 198 24342 286 4879 369 716 310 830 11553 13 5044 1683 15060 1472 279 3274 11 9307 1328 30800 11 2814 47675 25605 11 321 60445 55404 11 27224 11 321 30246 303 279 1534 4087 13 248046 198 248045 846 198 5834 248046 198 248045 74455 198 248068 198
[C-DUMP] armed tap=X0 dir=/tmp/coh_e12b/dumps rank=2
[COH-IDS] base=0 T=53 ids= 248045 8678 198 24342 286 4879 369 716 310 830 11553 13 5044 1683 15060 1472 279 3274 11 9307 1328 30800 11 2814 47675 25605 11 321 60445 55404 11 27224 11 321 30246 303 279 1534 4087 13 248046 198 248045 846 198 5834 248046 198 248045 74455 198 248068 198
[C-DUMP] armed tap=X0 dir=/tmp/coh_e12b/dumps rank=3
[COH-IDS] base=51 T=2 ids= 248068 198
[COH-IDS] base=51 T=2 ids= 248068 198
[COH-IDS] base=51 T=2 ids= 248068 198
[COH-IDS] base=51 T=2 ids= 248068 198
[C-DUMP] armed dir=/tmp/coh_e12b/dumps rank=0 steps<=8
[C-DUMP] armed dir=/tmp/coh_e12b/dumps rank=1 steps<=8
[C-DUMP] armed dir=/tmp/coh_e12b/dumps rank=2 steps<=8
[C-DUMP] armed dir=/tmp/coh_e12b/dumps rank=3 steps<=8
[COH-IDS] base=0 T=66 ids= 248045[COH-IDS] base=0 T=66 ids= 248045 8678 198 24342 286 4879 8678 198[COH-IDS] base=0 T=66 ids=[COH-IDS] base=0 T=66 ids= 248045 24342 8678 248045 198 369 8678 198 24342 286 4879 369 24342 286 286 716 4879 4879 369 716 310 830 11553 13 369 716 310 830 11553 13 5044 1683 15060 1472 279 3274 11 9307 1328 310 830 11553 13 5044 1683 15060 1472 279 3274 11 9307 716 5044 310 1328 30800 30800 11 1683 830 11553 15060 13 2814 5044 1472 1683 15060 279 3274 47675 11 11 25605 2814 9307 47675 11 25605 1328 30800 1472 279 3274 11 11 2814 321 47675 25605 11 321 60445 321 55404 60445 55404 11 27224 11 321 30246 11 60445 9307 303 1328 55404 30800 11 11 27224 279 1534 4087 13 248046 2814 47675 25605 198 248045 846 198 20206 440 11 321 11 11 321 6681 279 60445 55404 3074 3299 30246 303 27224 54018 11 13 9321 25 8029 8029 8029 8029 248046 198 248045 321 30246 303 279 1534 4087 11 74455 27224 11 198 248068 279 13 198 248046
[C-DUMP] armed tap=X0 dir=/tmp/coh_e12b/dumps rank=0
[C-DUMP] armed tap=X0 dir=/tmp/coh_e12b/dumps rank=3
[C-DUMP] armed tap=X0 dir=/tmp/coh_e12b/dumps rank=1
[C-DUMP] armed tap=X0 dir=/tmp/coh_e12b/dumps rank=2
[COH-IDS] base=64 T=2 ids= 248068 198[COH-IDS] base=64 T=2 ids= 248068 198
[COH-IDS] base=64 T=2 ids= 248068 198
[COH-IDS] base=64 T=2 ids= 248068 198
[COH-IDS] base=0 T=67 ids= 248045 8678 198 24342 286[COH-IDS] base=0 T=67 ids=[COH-IDS] base=0 T=67 ids= 248045 8678[COH-IDS] base=0 T=67 ids= 248045 8678 198 24342 286 4879 198 24342 286 4879 369 716 310 4879 369 716 310 830 830 11553 248045 8678 198 24342 286 4879 369 11553 13 369 716 13 310 830 11553 13 5044 1683 15060 1472 279 5044 5044 1683 3274 1683 15060 15060 1472 279 3274 11 716 310 830 9307 1328 30800 11 2814 47675 11 9307 1328 25605 11 321 11553 13 60445 55404 11 27224 30800 11 2814 11 47675 5044 321 1683 15060 30246 303 279 1534 4087 13 25605 11 321 60445 55404 248046 11 1472 279 3274 11 9307 1328 30800 11 27224 11 198 248045 846 198 20206 440 1472 321 6681 279 3074 2814 279 3274 30246 303 3299 54018 13 9321 25 47675 25605 11 321 60445 8029 55404 8029 8029 11 279 1534 11 27224 11 321 30246 9307 1328 30800 11 2814 47675 25605 11 321 60445 55404 11 27224 11 321 30246 303 279 1534 8029 4087 13 8029 248046 303 4087 198 13 248045 74455 198 248046 198 248045 846 198 20206 440 6681 279 3074 3299 54018 13 9321 25 8029 8029 8029 8029 248068 8029 279 248046 198
[C-DUMP] armed tap=X0 dir=/tmp/coh_e12b/dumps rank=1
[C-DUMP] armed tap=X0 dir=/tmp/coh_e12b/dumps rank=3
[C-DUMP] armed tap=X0 dir=/tmp/coh_e12b/dumps rank=0
[C-DUMP] armed tap=X0 dir=/tmp/coh_e12b/dumps rank=2
[COH-IDS] base=65 T=2 ids= 248068 198
[COH-IDS] base=65 T=2 ids= 248068 198
[COH-IDS] base=65 T=2 ids= 248068 198
[COH-IDS] base=65 T=2 ids= 248068 198
[COH-IDS] base=0 T=98 ids= 248045 8678 198 24342 286 4879 369 716 310 830 11553 13 5044 1683 15060 1472 279 3274[COH-IDS] base=0 T=98 ids= 248045[COH-IDS] base=0 T=98 ids= 248045 8678 198 24342 286 4879 369 716 310 830 11553 13 5044 1683 15060 1472 279 3274 11[COH-IDS] base=0 T=98 ids= 248045 8678 11 198 24342 8678 198 24342 286 4879 369 716 310 830 9307 9307 1328 30800 286 4879 369 716 1328 310 830 11553 11553 13 5044 30800 1683 15060 13 5044 1683 15060 1472 279 11 2814 11 2814 47675 25605 1472 279 11 321 60445 55404 11 27224 47675 3274 11 11 321 30246 303 25605 11 279 1534 4087 13 248046 198 248045 846 321 9307 198 1328 30800 20206 11 2814 60445 55404 3274 47675 25605 11 321 60445 55404 11 11 440 6681 279 11 27224 3074 3299 54018 13 9321 9307 1328 30800 25 8029 8029 8029 8029 27224 11 8029 2814 47675 25605 11 321 11 321 30246 11 321 8029 8029 8029 8029 8029 60445 8029 30246 303 55404 8029 11 27224 279 1534 8029 8029 8029 8029 11 321 8029 8029 8029 8029 8029 8029 8029 8029 8029 303 4087 30246 8029 303 279 8029 1534 279 8029 1534 4087 4087 13 13 248046 13 248046 8029 8029 8029 8029 8029 8029 248046 198 248045 846 198 20206 440 6681 279 3074 198 8029 8029 248046 198 248045 3299 248045 74455 198 248068 198
 8029 8029 8029 8029 8029 8029 8029 8029 8029 8029 8029 8029 8029 8029 8029 8029 8029 8029 8029 8029 8029 8029 8029[C-DUMP] armed tap=X0 dir=/tmp/coh_e12b/dumps rank=3
[C-DUMP] armed tap=X0 dir=/tmp/coh_e12b/dumps rank=2
[C-DUMP] armed tap=X0 dir=/tmp/coh_e12b/dumps rank=1
[C-DUMP] armed tap=X0 dir=/tmp/coh_e12b/dumps rank=0
[COH-IDS] base=96 T=2 ids= 248068 198
[COH-IDS] base=96 T=2 ids= 248068 198
[COH-IDS] base=96 T=2 ids= 248068 198
[COH-IDS] base=96 T=2 ids= 248068 198
[COH-IDS] base=0 T=66 ids=[COH-IDS] base=0 T=66 ids= 248045 248045 8678 198 24342 8678 198 24342 286 4879 369 716 310 830 11553 13[COH-IDS] base=0 T=66 ids= 248045 8678 286 198 5044 1683 15060 1472 279[COH-IDS] base=0 T=66 ids= 4879 248045 8678 198 24342 3274 286 4879 369 716 24342 11 9307 1328 30800 369 286 11 4879 369 2814 47675 310 830 11553 25605 13 5044 716 310 830 11553 13 5044 1683 15060 1472 279 3274 11 9307 1328 30800 11 716 310 830 11553 13 5044 1683 15060 1472 11 279 3274 2814 47675 25605 11 321 60445 55404 11 27224 11 321 30246 303 279 1534 4087 13 248046 198 248045 846 198 20206 440 6681 279 3074 3299 54018 13 9321 25 8029 8029 8029 8029 248046 198 248045 74455 198 248068 198
[C-DUMP] armed tap=X0 dir=/tmp/coh_e12b/dumps rank=0
[C-DUMP] armed tap=X0 dir=/tmp/coh_e12b/dumps rank=3
[C-DUMP] armed tap=X0 dir=/tmp/coh_e12b/dumps rank=2
[C-DUMP] armed tap=X0 dir=/tmp/coh_e12b/dumps rank=1
[COH-IDS] base=64 T=2 ids= 248068 198
[COH-IDS] base=64 T=2 ids= 248068 198
[COH-IDS] base=64 T=2 ids= 248068 198
[COH-IDS] base=64 T=2 ids= 248068 198
